0.0100	0.21044
0.0200	0.20523
0.0300	0.20207
0.0400	0.19942
0.0500	0.19782
0.0600	0.19643
0.0700	0.19487
0.0800	0.19366
0.0900	0.19267
0.1000	0.19185
0.2000	0.18686
0.3000	0.18374
0.4000	0.18150
0.5000	0.17973
0.6000	0.17827
0.7000	0.17708
0.8000	0.17606
0.9000	0.17520
1.0000	0.17447
2.0000	0.16942
3.0000	0.16652
4.0000	0.16447
5.0000	0.16289
6.0000	0.16158
7.0000	0.16049
8.0000	0.15952
9.0000	0.15868
10.0000	0.15793
20.0000	0.15268
30.0000	0.14934
40.0000	0.14671
50.0000	0.14440
60.0000	0.14220
70.0000	0.13992
80.0000	0.13734
90.0000	0.13391
