0.0010	0.30488
0.0020	0.29082
0.0030	0.27645
0.0040	0.27125
0.0050	0.26737
0.0060	0.25653
0.0070	0.24761
0.0080	0.24367
0.0090	0.24136
0.0100	0.23742
0.0200	0.20510
0.0300	0.18659
0.0400	0.16947
0.0500	0.15771
0.0600	0.14809
0.0700	0.14013
0.0800	0.13296
0.0900	0.12643
0.1000	0.12025
0.2000	0.08662
0.3000	0.06861
0.4000	0.05785
0.5000	0.04983
0.6000	0.04403
0.7000	0.03974
0.8000	0.03614
0.9000	0.03323
1.0000	0.03075
2.0000	0.01766
3.0000	0.01257
4.0000	0.00972
5.0000	0.00795
6.0000	0.00670
7.0000	0.00579
8.0000	0.00509
9.0000	0.00453
10.0000	0.00407
20.0000	0.00186
30.0000	0.00106
40.0000	0.00065
50.0000	0.00042
60.0000	0.00030
70.0000	0.00023
80.0000	0.00018
90.0000	0.00013
100.0000	0.00000
