0.0100	0.19770
0.0200	0.19339
0.0300	0.19109
0.0400	0.18977
0.0500	0.18853
0.0600	0.18750
0.0700	0.18645
0.0800	0.18565
0.0900	0.18499
0.1000	0.18446
0.2000	0.18034
0.3000	0.17764
0.4000	0.17593
0.5000	0.17467
0.6000	0.17355
0.7000	0.17262
0.8000	0.17187
0.9000	0.17119
1.0000	0.17059
2.0000	0.16649
3.0000	0.16414
4.0000	0.16245
5.0000	0.16117
6.0000	0.16016
7.0000	0.15927
8.0000	0.15845
9.0000	0.15776
10.0000	0.15712
20.0000	0.15262
30.0000	0.14958
40.0000	0.14713
50.0000	0.14491
60.0000	0.14272
70.0000	0.14046
80.0000	0.13786
90.0000	0.13423
