0.0100	0.19886
0.0200	0.19508
0.0300	0.19299
0.0400	0.19142
0.0500	0.18995
0.0600	0.18868
0.0700	0.18774
0.0800	0.18688
0.0900	0.18618
0.1000	0.18560
0.2000	0.18115
0.3000	0.17850
0.4000	0.17651
0.5000	0.17521
0.6000	0.17402
0.7000	0.17303
0.8000	0.17225
0.9000	0.17154
1.0000	0.17089
2.0000	0.16672
3.0000	0.16429
4.0000	0.16262
5.0000	0.16132
6.0000	0.16029
7.0000	0.15939
8.0000	0.15857
9.0000	0.15785
10.0000	0.15723
20.0000	0.15267
30.0000	0.14963
40.0000	0.14716
50.0000	0.14491
60.0000	0.14271
70.0000	0.14041
80.0000	0.13775
90.0000	0.13410
