0.0100	0.21758
0.0200	0.21214
0.0300	0.20744
0.0400	0.20429
0.0500	0.20225
0.0600	0.20056
0.0700	0.19931
0.0800	0.19787
0.0900	0.19679
0.1000	0.19603
0.2000	0.18904
0.3000	0.18539
0.4000	0.18289
0.5000	0.18092
0.6000	0.17946
0.7000	0.17818
0.8000	0.17711
0.9000	0.17619
1.0000	0.17535
2.0000	0.17028
3.0000	0.16742
4.0000	0.16538
5.0000	0.16379
6.0000	0.16248
7.0000	0.16136
8.0000	0.16038
9.0000	0.15951
10.0000	0.15872
20.0000	0.15321
30.0000	0.14964
40.0000	0.14683
50.0000	0.14436
60.0000	0.14203
70.0000	0.13963
80.0000	0.13697
90.0000	0.13346
