0.0100	0.20206
0.0200	0.19771
0.0300	0.19479
0.0400	0.19294
0.0500	0.19161
0.0600	0.19054
0.0700	0.18941
0.0800	0.18841
0.0900	0.18779
0.1000	0.18715
0.2000	0.18233
0.3000	0.17938
0.4000	0.17744
0.5000	0.17590
0.6000	0.17470
0.7000	0.17364
0.8000	0.17279
0.9000	0.17207
1.0000	0.17140
2.0000	0.16712
3.0000	0.16472
4.0000	0.16300
5.0000	0.16167
6.0000	0.16058
7.0000	0.15966
8.0000	0.15884
9.0000	0.15810
10.0000	0.15743
20.0000	0.15268
30.0000	0.14954
40.0000	0.14698
50.0000	0.14471
60.0000	0.14251
70.0000	0.14025
80.0000	0.13765
90.0000	0.13422
