0.0100	0.20550
0.0200	0.20109
0.0300	0.19906
0.0400	0.19696
0.0500	0.19571
0.0600	0.19434
0.0700	0.19325
0.0800	0.19235
0.0900	0.19149
0.1000	0.19083
0.2000	0.18508
0.3000	0.18164
0.4000	0.17942
0.5000	0.17767
0.6000	0.17642
0.7000	0.17529
0.8000	0.17432
0.9000	0.17346
1.0000	0.17270
2.0000	0.16800
3.0000	0.16531
4.0000	0.16345
5.0000	0.16208
6.0000	0.16093
7.0000	0.15994
8.0000	0.15910
9.0000	0.15833
10.0000	0.15764
20.0000	0.15280
30.0000	0.14965
40.0000	0.14710
50.0000	0.14479
60.0000	0.14253
70.0000	0.14014
80.0000	0.13738
90.0000	0.13360
