0.0010	0.29794
0.0020	0.27965
0.0030	0.26224
0.0040	0.25388
0.0050	0.24480
0.0060	0.23984
0.0070	0.23365
0.0080	0.22938
0.0090	0.22652
0.0100	0.22352
0.0200	0.19841
0.0300	0.17303
0.0400	0.15884
0.0500	0.14568
0.0600	0.13441
0.0700	0.12730
0.0800	0.12048
0.0900	0.11444
0.1000	0.10915
0.2000	0.07972
0.3000	0.06283
0.4000	0.05252
0.5000	0.04514
0.6000	0.03964
0.7000	0.03544
0.8000	0.03206
0.9000	0.02947
1.0000	0.02720
2.0000	0.01558
3.0000	0.01110
4.0000	0.00863
5.0000	0.00706
6.0000	0.00597
7.0000	0.00518
8.0000	0.00456
9.0000	0.00407
10.0000	0.00368
20.0000	0.00175
30.0000	0.00104
40.0000	0.00067
50.0000	0.00045
60.0000	0.00032
70.0000	0.00024
80.0000	0.00018
90.0000	0.00014
100.0000	0.00000
