0.0100	0.19439
0.0200	0.19059
0.0300	0.18810
0.0400	0.18662
0.0500	0.18540
0.0600	0.18422
0.0700	0.18325
0.0800	0.18239
0.0900	0.18174
0.1000	0.18111
0.2000	0.17673
0.3000	0.17447
0.4000	0.17278
0.5000	0.17163
0.6000	0.17056
0.7000	0.16972
0.8000	0.16905
0.9000	0.16840
1.0000	0.16785
2.0000	0.16427
3.0000	0.16218
4.0000	0.16071
5.0000	0.15952
6.0000	0.15857
7.0000	0.15775
8.0000	0.15704
9.0000	0.15640
10.0000	0.15582
20.0000	0.15175
30.0000	0.14900
40.0000	0.14676
50.0000	0.14475
60.0000	0.14280
70.0000	0.14077
80.0000	0.13844
90.0000	0.13529
