0.0100	0.20163
0.0200	0.19706
0.0300	0.19431
0.0400	0.19213
0.0500	0.19066
0.0600	0.18946
0.0700	0.18834
0.0800	0.18736
0.0900	0.18659
0.1000	0.18574
0.2000	0.18076
0.3000	0.17775
0.4000	0.17578
0.5000	0.17430
0.6000	0.17302
0.7000	0.17200
0.8000	0.17114
0.9000	0.17038
1.0000	0.16970
2.0000	0.16546
3.0000	0.16301
4.0000	0.16135
5.0000	0.16008
6.0000	0.15903
7.0000	0.15813
8.0000	0.15736
9.0000	0.15667
10.0000	0.15606
20.0000	0.15181
30.0000	0.14903
40.0000	0.14677
50.0000	0.14476
60.0000	0.14282
70.0000	0.14078
80.0000	0.13845
90.0000	0.13525
