0.0100	0.20825
0.0200	0.20239
0.0300	0.19952
0.0400	0.19737
0.0500	0.19574
0.0600	0.19440
0.0700	0.19312
0.0800	0.19210
0.0900	0.19110
0.1000	0.19028
0.2000	0.18477
0.3000	0.18167
0.4000	0.17933
0.5000	0.17767
0.6000	0.17637
0.7000	0.17529
0.8000	0.17439
0.9000	0.17359
1.0000	0.17283
2.0000	0.16814
3.0000	0.16551
4.0000	0.16359
5.0000	0.16211
6.0000	0.16092
7.0000	0.15988
8.0000	0.15898
9.0000	0.15818
10.0000	0.15747
20.0000	0.15252
30.0000	0.14935
40.0000	0.14683
50.0000	0.14458
60.0000	0.14243
70.0000	0.14021
80.0000	0.13767
90.0000	0.13426
