0.0100	0.20895
0.0200	0.20306
0.0300	0.19993
0.0400	0.19800
0.0500	0.19614
0.0600	0.19456
0.0700	0.19321
0.0800	0.19214
0.0900	0.19119
0.1000	0.19035
0.2000	0.18483
0.3000	0.18165
0.4000	0.17943
0.5000	0.17764
0.6000	0.17627
0.7000	0.17504
0.8000	0.17405
0.9000	0.17313
1.0000	0.17236
2.0000	0.16747
3.0000	0.16482
4.0000	0.16295
5.0000	0.16153
6.0000	0.16038
7.0000	0.15940
8.0000	0.15854
9.0000	0.15778
10.0000	0.15710
20.0000	0.15238
30.0000	0.14930
40.0000	0.14683
50.0000	0.14463
60.0000	0.14251
70.0000	0.14028
80.0000	0.13771
90.0000	0.13424
