0.0100	0.20477
0.0200	0.19977
0.0300	0.19633
0.0400	0.19467
0.0500	0.19283
0.0600	0.19139
0.0700	0.19022
0.0800	0.18914
0.0900	0.18830
0.1000	0.18744
0.2000	0.18246
0.3000	0.17944
0.4000	0.17735
0.5000	0.17568
0.6000	0.17445
0.7000	0.17342
0.8000	0.17256
0.9000	0.17179
1.0000	0.17110
2.0000	0.16652
3.0000	0.16386
4.0000	0.16206
5.0000	0.16069
6.0000	0.15958
7.0000	0.15863
8.0000	0.15781
9.0000	0.15710
10.0000	0.15646
20.0000	0.15196
30.0000	0.14904
40.0000	0.14669
50.0000	0.14461
60.0000	0.14260
70.0000	0.14049
80.0000	0.13810
90.0000	0.13486
