0.0100	0.20750
0.0200	0.20184
0.0300	0.19880
0.0400	0.19658
0.0500	0.19486
0.0600	0.19314
0.0700	0.19182
0.0800	0.19086
0.0900	0.18982
0.1000	0.18914
0.2000	0.18376
0.3000	0.18075
0.4000	0.17864
0.5000	0.17701
0.6000	0.17557
0.7000	0.17445
0.8000	0.17346
0.9000	0.17257
1.0000	0.17189
2.0000	0.16716
3.0000	0.16446
4.0000	0.16257
5.0000	0.16113
6.0000	0.15997
7.0000	0.15901
8.0000	0.15816
9.0000	0.15743
10.0000	0.15677
20.0000	0.15216
30.0000	0.14917
40.0000	0.14676
50.0000	0.14461
60.0000	0.14254
70.0000	0.14037
80.0000	0.13788
90.0000	0.13453
