0.0100	0.20869
0.0200	0.20323
0.0300	0.19979
0.0400	0.19787
0.0500	0.19603
0.0600	0.19484
0.0700	0.19348
0.0800	0.19237
0.0900	0.19134
0.1000	0.19063
0.2000	0.18473
0.3000	0.18149
0.4000	0.17922
0.5000	0.17762
0.6000	0.17629
0.7000	0.17508
0.8000	0.17414
0.9000	0.17325
1.0000	0.17245
2.0000	0.16767
3.0000	0.16495
4.0000	0.16305
5.0000	0.16161
6.0000	0.16043
7.0000	0.15943
8.0000	0.15858
9.0000	0.15782
10.0000	0.15714
20.0000	0.15243
30.0000	0.14935
40.0000	0.14691
50.0000	0.14470
60.0000	0.14257
70.0000	0.14033
80.0000	0.13777
90.0000	0.13430
