0.0100	0.20907
0.0200	0.20450
0.0300	0.20143
0.0400	0.19863
0.0500	0.19623
0.0600	0.19448
0.0700	0.19331
0.0800	0.19240
0.0900	0.19126
0.1000	0.19056
0.2000	0.18521
0.3000	0.18217
0.4000	0.17997
0.5000	0.17826
0.6000	0.17697
0.7000	0.17583
0.8000	0.17484
0.9000	0.17397
1.0000	0.17314
2.0000	0.16811
3.0000	0.16535
4.0000	0.16342
5.0000	0.16194
6.0000	0.16073
7.0000	0.15971
8.0000	0.15883
9.0000	0.15806
10.0000	0.15735
20.0000	0.15250
30.0000	0.14935
40.0000	0.14682
50.0000	0.14457
60.0000	0.14241
70.0000	0.14015
80.0000	0.13758
90.0000	0.13409
