0.0100	0.20019
0.0200	0.19558
0.0300	0.19333
0.0400	0.19149
0.0500	0.19011
0.0600	0.18886
0.0700	0.18804
0.0800	0.18698
0.0900	0.18626
0.1000	0.18546
0.2000	0.18084
0.3000	0.17797
0.4000	0.17598
0.5000	0.17432
0.6000	0.17299
0.7000	0.17185
0.8000	0.17097
0.9000	0.17022
1.0000	0.16956
2.0000	0.16521
3.0000	0.16284
4.0000	0.16122
5.0000	0.15998
6.0000	0.15898
7.0000	0.15813
8.0000	0.15738
9.0000	0.15672
10.0000	0.15612
20.0000	0.15194
30.0000	0.14918
40.0000	0.14694
50.0000	0.14489
60.0000	0.14290
70.0000	0.14080
80.0000	0.13834
90.0000	0.13496
