0.0100	0.20120
0.0200	0.19767
0.0300	0.19469
0.0400	0.19282
0.0500	0.19142
0.0600	0.19014
0.0700	0.18913
0.0800	0.18823
0.0900	0.18733
0.1000	0.18649
0.2000	0.18161
0.3000	0.17861
0.4000	0.17655
0.5000	0.17494
0.6000	0.17373
0.7000	0.17269
0.8000	0.17183
0.9000	0.17105
1.0000	0.17036
2.0000	0.16602
3.0000	0.16357
4.0000	0.16186
5.0000	0.16057
6.0000	0.15954
7.0000	0.15866
8.0000	0.15787
9.0000	0.15716
10.0000	0.15652
20.0000	0.15216
30.0000	0.14928
40.0000	0.14694
50.0000	0.14482
60.0000	0.14278
70.0000	0.14062
80.0000	0.13814
90.0000	0.13473
