0.0010	0.30200
0.0020	0.29540
0.0030	0.27859
0.0040	0.27144
0.0050	0.26760
0.0060	0.26354
0.0070	0.26071
0.0080	0.25620
0.0090	0.24991
0.0100	0.24750
0.0200	0.21677
0.0300	0.19829
0.0400	0.18340
0.0500	0.17225
0.0600	0.16126
0.0700	0.15281
0.0800	0.14499
0.0900	0.13940
0.1000	0.13306
0.2000	0.09482
0.3000	0.07545
0.4000	0.06274
0.5000	0.05434
0.6000	0.04805
0.7000	0.04296
0.8000	0.03887
0.9000	0.03569
1.0000	0.03295
2.0000	0.01861
3.0000	0.01296
4.0000	0.00994
5.0000	0.00808
6.0000	0.00677
7.0000	0.00584
8.0000	0.00512
9.0000	0.00457
10.0000	0.00410
20.0000	0.00190
30.0000	0.00109
40.0000	0.00067
50.0000	0.00042
60.0000	0.00029
70.0000	0.00022
80.0000	0.00017
90.0000	0.00013
100.0000	0.00000
