0.0010	0.29751
0.0020	0.27692
0.0030	0.26610
0.0040	0.25754
0.0050	0.25318
0.0060	0.24693
0.0070	0.24160
0.0080	0.23757
0.0090	0.23294
0.0100	0.22818
0.0200	0.20367
0.0300	0.18560
0.0400	0.17014
0.0500	0.15959
0.0600	0.14865
0.0700	0.14058
0.0800	0.13386
0.0900	0.12781
0.1000	0.12216
0.2000	0.08933
0.3000	0.07162
0.4000	0.05992
0.5000	0.05242
0.6000	0.04681
0.7000	0.04203
0.8000	0.03815
0.9000	0.03520
1.0000	0.03274
2.0000	0.01929
3.0000	0.01388
4.0000	0.01073
5.0000	0.00868
6.0000	0.00731
7.0000	0.00629
8.0000	0.00552
9.0000	0.00489
10.0000	0.00440
20.0000	0.00203
30.0000	0.00116
40.0000	0.00069
50.0000	0.00041
60.0000	0.00028
70.0000	0.00021
80.0000	0.00017
90.0000	0.00013
100.0000	0.00000
