0.0100	0.19860
0.0200	0.19478
0.0300	0.19204
0.0400	0.19008
0.0500	0.18867
0.0600	0.18741
0.0700	0.18611
0.0800	0.18536
0.0900	0.18464
0.1000	0.18383
0.2000	0.17899
0.3000	0.17637
0.4000	0.17455
0.5000	0.17314
0.6000	0.17197
0.7000	0.17101
0.8000	0.17020
0.9000	0.16952
1.0000	0.16889
2.0000	0.16474
3.0000	0.16243
4.0000	0.16082
5.0000	0.15959
6.0000	0.15857
7.0000	0.15773
8.0000	0.15699
9.0000	0.15635
10.0000	0.15576
20.0000	0.15173
30.0000	0.14907
40.0000	0.14690
50.0000	0.14493
60.0000	0.14299
70.0000	0.14093
80.0000	0.13855
90.0000	0.13522
