0.0100	0.19827
0.0200	0.19407
0.0300	0.19152
0.0400	0.18926
0.0500	0.18770
0.0600	0.18656
0.0700	0.18552
0.0800	0.18472
0.0900	0.18398
0.1000	0.18329
0.2000	0.17843
0.3000	0.17569
0.4000	0.17393
0.5000	0.17251
0.6000	0.17139
0.7000	0.17047
0.8000	0.16967
0.9000	0.16894
1.0000	0.16833
2.0000	0.16426
3.0000	0.16203
4.0000	0.16044
5.0000	0.15922
6.0000	0.15823
7.0000	0.15740
8.0000	0.15668
9.0000	0.15604
10.0000	0.15546
20.0000	0.15143
30.0000	0.14877
40.0000	0.14661
50.0000	0.14468
60.0000	0.14282
70.0000	0.14088
80.0000	0.13868
90.0000	0.13568
