0.0100	0.21030
0.0200	0.20541
0.0300	0.20202
0.0400	0.19951
0.0500	0.19751
0.0600	0.19614
0.0700	0.19515
0.0800	0.19388
0.0900	0.19271
0.1000	0.19185
0.2000	0.18610
0.3000	0.18297
0.4000	0.18067
0.5000	0.17903
0.6000	0.17751
0.7000	0.17635
0.8000	0.17536
0.9000	0.17447
1.0000	0.17369
2.0000	0.16872
3.0000	0.16598
4.0000	0.16402
5.0000	0.16251
6.0000	0.16125
7.0000	0.16020
8.0000	0.15925
9.0000	0.15845
10.0000	0.15771
20.0000	0.15265
30.0000	0.14939
40.0000	0.14681
50.0000	0.14454
60.0000	0.14234
70.0000	0.14008
80.0000	0.13751
90.0000	0.13409
