0.0010	0.29220
0.0020	0.27426
0.0030	0.26676
0.0040	0.26014
0.0050	0.25494
0.0060	0.24792
0.0070	0.24493
0.0080	0.24005
0.0090	0.23581
0.0100	0.23354
0.0200	0.20475
0.0300	0.18674
0.0400	0.16915
0.0500	0.15813
0.0600	0.14816
0.0700	0.14069
0.0800	0.13419
0.0900	0.12896
0.1000	0.12439
0.2000	0.08855
0.3000	0.07058
0.4000	0.05966
0.5000	0.05150
0.6000	0.04557
0.7000	0.04124
0.8000	0.03762
0.9000	0.03438
1.0000	0.03174
2.0000	0.01840
3.0000	0.01305
4.0000	0.01014
5.0000	0.00825
6.0000	0.00695
7.0000	0.00597
8.0000	0.00523
9.0000	0.00465
10.0000	0.00417
20.0000	0.00188
30.0000	0.00107
40.0000	0.00066
50.0000	0.00043
60.0000	0.00030
70.0000	0.00023
80.0000	0.00017
90.0000	0.00013
100.0000	0.00000
