0.0010	0.34253
0.0020	0.32205
0.0030	0.31504
0.0040	0.30906
0.0050	0.30522
0.0060	0.29780
0.0070	0.28977
0.0080	0.28563
0.0090	0.28194
0.0100	0.27893
0.0200	0.24996
0.0300	0.22920
0.0400	0.21512
0.0500	0.20393
0.0600	0.19303
0.0700	0.18386
0.0800	0.17772
0.0900	0.17057
0.1000	0.16436
0.2000	0.12213
0.3000	0.09881
0.4000	0.08394
0.5000	0.07223
0.6000	0.06368
0.7000	0.05685
0.8000	0.05112
0.9000	0.04657
1.0000	0.04274
2.0000	0.02259
3.0000	0.01518
4.0000	0.01124
5.0000	0.00886
6.0000	0.00728
7.0000	0.00615
8.0000	0.00529
9.0000	0.00462
10.0000	0.00410
20.0000	0.00175
30.0000	0.00100
40.0000	0.00064
50.0000	0.00043
60.0000	0.00030
70.0000	0.00023
80.0000	0.00017
90.0000	0.00013
100.0000	0.00000
