0.0010	0.30931
0.0020	0.29069
0.0030	0.28216
0.0040	0.27400
0.0050	0.26844
0.0060	0.26144
0.0070	0.25679
0.0080	0.25329
0.0090	0.25035
0.0100	0.24767
0.0200	0.21441
0.0300	0.19452
0.0400	0.18181
0.0500	0.16907
0.0600	0.15711
0.0700	0.14933
0.0800	0.14179
0.0900	0.13564
0.1000	0.12924
0.2000	0.09360
0.3000	0.07542
0.4000	0.06398
0.5000	0.05586
0.6000	0.04933
0.7000	0.04445
0.8000	0.04018
0.9000	0.03656
1.0000	0.03369
2.0000	0.01894
3.0000	0.01309
4.0000	0.00998
5.0000	0.00803
6.0000	0.00672
7.0000	0.00577
8.0000	0.00503
9.0000	0.00446
10.0000	0.00399
20.0000	0.00180
30.0000	0.00104
40.0000	0.00065
50.0000	0.00043
60.0000	0.00030
70.0000	0.00023
80.0000	0.00017
90.0000	0.00013
100.0000	0.00000
